--- configure.orig	2010-02-20 17:26:23.000000000 -0500
+++ configure	2010-02-20 17:26:28.000000000 -0500
@@ -14878,7 +14878,7 @@ GLIB_REQUIRED_VERSION=2.15.0
 GCONF_REQUIRED_VERSION=2.6.1
 GDK_REQUIRED_VERSION=2.14.0
 GTK_REQUIRED_VERSION=2.11.5
-X11_REQUIRED_VERSION=1.3
+X11_REQUIRED_VERSION=1.2
 LIBGNOME_MENU_REQUIRED_VERSION=2.11.1
 GNOME_DESKTOP_REQUIRED_VERSION=2.29.0
 
